5 0
cam0 2048 2048
1513.92 1509.82 0 1025.76 1029.76 -0.168674 0.0958116 -0.000570443 0.000159079 0
0 0 0 0 0 0
1 1 1 0 0 0
cam1 2048 2048
1516.64 1512.06 0 1016.74 1021.86 -0.175403 0.106934 0.000183803 4.8484e-005 0
-0.00382056 -0.0854424 0.00518693 149.797 2.93433 6.85419
1 1 1 0 0 0
cam2 2048 2048
1496.21 1491.11 0 1018.82 1015.01 -0.167858 0.102937 -0.00146868 0.000279523 0
0.00532157 -0.043559 0.00126021 74.7656 0.703369 1.85437
1 1 1 0 0 0
cam3 2048 2048
1269.37 1269.37 0 1015.81 1025.18 0 0 0 0 0
-0.00226789 -0.045741 0.0195207 0 0 0
0 0 0 0 0 0
cam4 2048 2048
1269.37 1269.37 0 1015.81 1025.18 0 0 0 0 0
-0.00226789 -0.045741 0.0195207 149.797 2.93433 6.85419
0 0 0 0 0 0
