5 0
cam0 2048 2048
2337.5 2332.17 0 1016.45 1005.05 -0.203974 0.140736 -0.00116025 0.00064226 0
0 0 0 0 0 0
1 1 1 0 0 0
cam1 2048 2048
2338.88 2333.57 0 1032.95 989.543 -0.207845 0.167119 -0.000604344 0.000498533 0
-0.0138756 -0.0511799 -0.0298257 153.106 1.54681 10.8442
1 1 1 0 0 0
cam2 2048 2048
2316.3 2311.06 0 1019.74 1012.9 -0.203367 0.166816 -0.00143896 0.000701164 0
-0.000646316 -0.0205808 0.0125848 77.1864 0.0957825 5.5851
1 1 1 0 0 0
cam3 2048 2048
1968.05 1968.05 0 906.359 995.908 0 0 0 0 0
-0.00758852 -0.0707455 0.00981724 0 0 0
0 0 0 0 0 0
cam4 2048 2048
1968.05 1968.05 0 906.359 995.908 0 0 0 0 0
-0.00758852 -0.0707455 0.00981724 153.106 1.54681 10.8442
0 0 0 0 0 0
